0.2000    0.2500         0         0         0    0.3333    0.2500         0         0    0.2500         0         0
0.2000    0.2500    0.2500         0    0.2000         0         0         0         0         0         0         0
     0    0.2500    0.2500    0.2000    0.2000         0         0         0         0         0         0         0
     0         0    0.2500    0.2000         0         0         0    0.2000    0.2000         0    0.2000         0
     0    0.2500    0.2500         0    0.2000         0    0.2500    0.2000         0         0         0         0
0.2000         0         0         0         0    0.3333         0         0         0    0.2500         0         0
0.2000         0         0         0    0.2000         0    0.2500         0         0    0.2500         0         0
     0         0         0    0.2000    0.2000         0         0    0.2000    0.2000         0    0.2000         0
     0         0         0    0.2000         0         0         0    0.2000    0.2000         0    0.2000    0.3333
0.2000         0         0         0         0    0.3333    0.2500         0         0    0.2500         0         0
     0         0         0    0.2000         0         0         0    0.2000    0.2000         0    0.2000    0.3333
     0         0         0         0         0         0         0         0    0.2000         0    0.2000    0.3333