# Coexpression analysis
# Randomly chosen genes, March 17
# MIC
# GeneA	GeneB	MIC.val.random
26100	644068	0.197869964512338
26100	28862	0.280575244969582
26100	1234	0.282503921540831
26100	50632	0.437871698907316
26100	6702	0.347205717302292
26100	51151	0.318675386048024
26100	1780	0.480537393485489
26100	51616	0.37842833696295
26100	1796	0.245943893041902
26100	5148	0.375585834016942
26100	2218	0.359631185522274
26100	7204	0.312499379600334
26100	23225	0.228977276315427
26100	22982	0.433559085465219
26100	83700	0.4503834386636
26100	2968	0.371317211487356
26100	5253	0.224765496682347
26100	8420	0.391673297506222
26100	695	0.27282917157153
26100	1418	0.287659631787182
26100	3069	0.257300417985167
26100	7043	0.41974919874789
26100	23172	0.308637766038161
26100	84148	0.377641394729032
26100	11013	0.336569085101783
26100	55707	0.211552752442705
26100	5601	0.448654214991517
644068	28862	0.294184298197722
644068	1234	0.210869563676296
644068	50632	0.195203455389828
644068	6702	0.197663086733848
644068	51151	0.199515999033512
644068	1780	0.269072416954108
644068	51616	0.22585906127198
644068	1796	0.192428584699149
644068	5148	0.206731973282344
644068	2218	0.235657137172956
644068	7204	0.252232013435614
644068	23225	0.23063988866791
644068	22982	0.246639193057836
644068	83700	0.217483924322728
644068	2968	0.207392966587826
644068	5253	0.237223756868122
644068	8420	0.250774206063074
644068	695	0.254066842965033
644068	1418	0.221636397646904
644068	3069	0.260043126199271
644068	7043	0.254203045601005
644068	23172	0.202716390061897
644068	84148	0.237499822985407
644068	11013	0.234691504080417
644068	55707	0.229326514908063
644068	5601	0.184801996897322
28862	1234	0.34337030583064
28862	50632	0.413895022577079
28862	6702	0.388715321378607
28862	51151	0.40083742303679
28862	1780	0.517304245807303
28862	51616	0.420255811444338
28862	1796	0.207454332310336
28862	5148	0.511420334346218
28862	2218	0.374924782629989
28862	7204	0.30842414543924
28862	23225	0.226784962673434
28862	22982	0.53258351183465
28862	83700	0.417229644116092
28862	2968	0.312214410422596
28862	5253	0.371616815098328
28862	8420	0.492983024028372
28862	695	0.251124888534023
28862	1418	0.383947823992201
28862	3069	0.29578391460909
28862	7043	0.492389048537893
28862	23172	0.212424286396285
28862	84148	0.38534293275171
28862	11013	0.428034639666541
28862	55707	0.214654960450334
28862	5601	0.333407946136468
1234	50632	0.370358346178443
1234	6702	0.394667105660693
1234	51151	0.398158056482417
1234	1780	0.454313621944816
1234	51616	0.420665764266236
1234	1796	0.259588946067342
1234	5148	0.487057242241759
1234	2218	0.356693071602496
1234	7204	0.28310787710253
1234	23225	0.263945452291408
1234	22982	0.409238158523897
1234	83700	0.333917291134262
1234	2968	0.322914161632035
1234	5253	0.399406930379751
1234	8420	0.466549857817983
1234	695	0.256951968992747
1234	1418	0.34403584411029
1234	3069	0.335416552281744
1234	7043	0.443545755743732
1234	23172	0.305994666345917
1234	84148	0.449138343199016
1234	11013	0.395739356655445
1234	55707	0.296083116485388
1234	5601	0.331495217081383
50632	6702	0.392737487234044
50632	51151	0.417442109595706
50632	1780	0.686357380875912
50632	51616	0.444057468019095
50632	1796	0.25632922276291
50632	5148	0.504528389135226
50632	2218	0.470923857977906
50632	7204	0.388211282223157
50632	23225	0.340270670218542
50632	22982	0.589007427070842
50632	83700	0.515802980399274
50632	2968	0.362257533601652
50632	5253	0.34551184737892
50632	8420	0.472384332762253
50632	695	0.307232662872264
50632	1418	0.376345536886861
50632	3069	0.267304716032926
50632	7043	0.596719892964735
50632	23172	0.302777018480252
50632	84148	0.488065189839143
50632	11013	0.546097529734904
50632	55707	0.260312834205045
50632	5601	0.415774570665034
6702	51151	0.386162266905205
6702	1780	0.469779192849356
6702	51616	0.447787461267334
6702	1796	0.182124663200958
6702	5148	0.473469289887462
6702	2218	0.328637383962473
6702	7204	0.338114639944583
6702	23225	0.335444154820704
6702	22982	0.490230322730089
6702	83700	0.423029422808496
6702	2968	0.334493193542819
6702	5253	0.423490380819632
6702	8420	0.542724582060337
6702	695	0.276181233370621
6702	1418	0.464812525535976
6702	3069	0.201745139924137
6702	7043	0.440941173951628
6702	23172	0.374628398195744
6702	84148	0.540711959455873
6702	11013	0.429626719710718
6702	55707	0.270306027781581
6702	5601	0.249089725843153
51151	1780	0.460435773366952
51151	51616	0.529997012570447
51151	1796	0.28101845867277
51151	5148	0.537389688868662
51151	2218	0.36493791773082
51151	7204	0.352054417954046
51151	23225	0.282929344391508
51151	22982	0.534041183415774
51151	83700	0.478778188959547
51151	2968	0.427462871178532
51151	5253	0.468941255165446
51151	8420	0.562602974500771
51151	695	0.230466325342387
51151	1418	0.386876831860868
51151	3069	0.285046610749002
51151	7043	0.52008287423824
51151	23172	0.310615630563387
51151	84148	0.447028687941337
51151	11013	0.45071262412113
51151	55707	0.301324133294827
51151	5601	0.31951604303572
1780	51616	0.579803413430422
1780	1796	0.264265668945868
1780	5148	0.588991486853465
1780	2218	0.483417640271308
1780	7204	0.372288166981074
1780	23225	0.306323452847793
1780	22982	0.725030978703728
1780	83700	0.564334723997774
1780	2968	0.409907771185933
1780	5253	0.468095427062553
1780	8420	0.608817094672683
1780	695	0.358900158496587
1780	1418	0.445082629734144
1780	3069	0.291532191696996
1780	7043	0.677056180760738
1780	23172	0.456464468811876
1780	84148	0.563298799378526
1780	11013	0.528023749143561
1780	55707	0.277192979202916
1780	5601	0.469184714837912
51616	1796	0.250568649933057
51616	5148	0.59608387798272
51616	2218	0.409375465118545
51616	7204	0.354526398527053
51616	23225	0.266974611330122
51616	22982	0.550761110965702
51616	83700	0.54973636542321
51616	2968	0.340059022989019
51616	5253	0.446076950775764
51616	8420	0.578545334422145
51616	695	0.305255460316879
51616	1418	0.404470079266245
51616	3069	0.22586186565111
51616	7043	0.626169372159679
51616	23172	0.421764609445862
51616	84148	0.468350100499845
51616	11013	0.534232621023874
51616	55707	0.247063973694208
51616	5601	0.288245174184548
1796	5148	0.309190372190483
1796	2218	0.2404642678913
1796	7204	0.274430257527216
1796	23225	0.217343120814676
1796	22982	0.298805363878075
1796	83700	0.253128175146851
1796	2968	0.246662440213002
1796	5253	0.257008807899107
1796	8420	0.268952301606471
1796	695	0.225849396825131
1796	1418	0.270627428139079
1796	3069	0.22296618000693
1796	7043	0.288909065842878
1796	23172	0.218593982810891
1796	84148	0.267366567101596
1796	11013	0.310966211782389
1796	55707	0.317952139349883
1796	5601	0.215736662243118
5148	2218	0.387736130942456
5148	7204	0.35714178221972
5148	23225	0.28993194554958
5148	22982	0.593245307658383
5148	83700	0.551856415650953
5148	2968	0.479983344259882
5148	5253	0.564418099262589
5148	8420	0.693413095521133
5148	695	0.331023205475091
5148	1418	0.452266529366662
5148	3069	0.287656643345674
5148	7043	0.746656070481006
5148	23172	0.361326675002442
5148	84148	0.666535984487325
5148	11013	0.606051480468349
5148	55707	0.363354356087407
5148	5601	0.275224278758702
2218	7204	0.331574572389957
2218	23225	0.242320844973335
2218	22982	0.481954124323036
2218	83700	0.427988092332409
2218	2968	0.405669438130053
2218	5253	0.286989855646981
2218	8420	0.401428220233794
2218	695	0.245311593298641
2218	1418	0.341091282095155
2218	3069	0.247889973178891
2218	7043	0.485428268510531
2218	23172	0.255749347880609
2218	84148	0.381699273473755
2218	11013	0.402133382612612
2218	55707	0.244569365094408
2218	5601	0.372553767909722
7204	23225	0.294663571614291
7204	22982	0.429490125768532
7204	83700	0.411011491206109
7204	2968	0.319265432995715
7204	5253	0.32749984638124
7204	8420	0.398654872411154
7204	695	0.277357699413147
7204	1418	0.325288088021101
7204	3069	0.247760284493848
7204	7043	0.376993583446371
7204	23172	0.297150262450437
7204	84148	0.377504092640669
7204	11013	0.385566011980608
7204	55707	0.231716883238083
7204	5601	0.24569971763977
23225	22982	0.373968306166587
23225	83700	0.346711796867604
23225	2968	0.241792329351375
23225	5253	0.27352947269194
23225	8420	0.314463756708813
23225	695	0.309269935724205
23225	1418	0.270206937709047
23225	3069	0.313659407157738
23225	7043	0.259352044565902
23225	23172	0.219685097169176
23225	84148	0.266867132998458
23225	11013	0.304909112734375
23225	55707	0.254443801780575
23225	5601	0.243161967123406
22982	83700	0.740924496474586
22982	2968	0.42295575667667
22982	5253	0.491455837421119
22982	8420	0.610087488007843
22982	695	0.297154026558837
22982	1418	0.45941787981094
22982	3069	0.375058229408443
22982	7043	0.770670447673561
22982	23172	0.364956125248928
22982	84148	0.620077030895757
22982	11013	0.594557971639108
22982	55707	0.250222735905855
22982	5601	0.3613782085023
83700	2968	0.374843509196553
83700	5253	0.476693170544623
83700	8420	0.468442025035918
83700	695	0.250944586753593
83700	1418	0.385544786924856
83700	3069	0.366143432118417
83700	7043	0.66085940256385
83700	23172	0.38010753616979
83700	84148	0.54659596946408
83700	11013	0.539816633408986
83700	55707	0.268204584954516
83700	5601	0.35247300552365
2968	5253	0.340786409309586
2968	8420	0.493710833040831
2968	695	0.213608158589075
2968	1418	0.370208555774913
2968	3069	0.253644515588583
2968	7043	0.352948037113627
2968	23172	0.272997103019363
2968	84148	0.347057013214837
2968	11013	0.401264805914616
2968	55707	0.25086922869102
2968	5601	0.291830308768999
5253	8420	0.528498785049285
5253	695	0.239065081927309
5253	1418	0.395176612756276
5253	3069	0.233815533192713
5253	7043	0.564344357289965
5253	23172	0.347166016613204
5253	84148	0.478946566475902
5253	11013	0.51702651291896
5253	55707	0.288599149475675
5253	5601	0.264986166356818
8420	695	0.322498905176686
8420	1418	0.530940013682852
8420	3069	0.269010948607744
8420	7043	0.694378554263274
8420	23172	0.473035522223076
8420	84148	0.627921140282895
8420	11013	0.660169475366173
8420	55707	0.293993466818062
8420	5601	0.360101794874062
695	1418	0.258008149088709
695	3069	0.250411538082619
695	7043	0.270119771563427
695	23172	0.257076491086864
695	84148	0.351210305802603
695	11013	0.285869544900622
695	55707	0.191704289289062
695	5601	0.205060155717793
1418	3069	0.221233218256118
1418	7043	0.461008066831413
1418	23172	0.367216172476111
1418	84148	0.470163378032676
1418	11013	0.498759911001115
1418	55707	0.228773746097119
1418	5601	0.311955876311981
3069	7043	0.289493739173178
3069	23172	0.277400741347782
3069	84148	0.309877949599492
3069	11013	0.313909168212765
3069	55707	0.216928693190147
3069	5601	0.254464650336216
7043	23172	0.417142200755644
7043	84148	0.683123867662058
7043	11013	0.594764652095375
7043	55707	0.267606481699956
7043	5601	0.419570241594596
23172	84148	0.334209335977363
23172	11013	0.401450102282463
23172	55707	0.287855551784109
23172	5601	0.250107001131001
84148	11013	0.543227121376467
84148	55707	0.334815587863441
84148	5601	0.298649879751762
11013	55707	0.253327187643345
11013	5601	0.339216452766725
55707	5601	0.212723102318305
