# Coexpression analysis
# Randomly chosen genes, March 17
# Pearson correlation coefficient
# GeneA	GeneB	Pearson.val.random
26100	644068	0.0213420025137393
26100	28862	-0.00222579577591011
26100	1234	0.14918492287236
26100	50632	0.438760600907003
26100	6702	0.336203727731077
26100	51151	0.299502399823829
26100	1780	0.449612759100892
26100	51616	0.320667395877162
26100	1796	-0.0192451495139929
26100	5148	0.274388517761528
26100	2218	0.389421195732821
26100	7204	0.334377285071634
26100	23225	-0.0381609835510667
26100	22982	0.447339374773062
26100	83700	0.445619336945675
26100	2968	0.376877512430934
26100	5253	0.109386417817008
26100	8420	0.272975030442926
26100	695	0.0355006453990181
26100	1418	0.259809878839478
26100	3069	0.235970898685309
26100	7043	0.367433461189229
26100	23172	0.204179486883224
26100	84148	0.388394183861915
26100	11013	0.192230424627691
26100	55707	0.0688363842781731
26100	5601	0.365764801419914
644068	28862	0.100086023078579
644068	1234	0.129643674622727
644068	50632	-0.0403553169060748
644068	6702	-0.071617793851516
644068	51151	-0.0405408835973023
644068	1780	-0.100183247747787
644068	51616	0.0133109904811735
644068	1796	0.192939627128145
644068	5148	-0.025236460998911
644068	2218	0.106956420591892
644068	7204	-0.0311899888834644
644068	23225	0.181904930516079
644068	22982	-0.137988178095062
644068	83700	-0.146812270618178
644068	2968	0.0942517110599593
644068	5253	0.000123532117755695
644068	8420	0.00415902982108798
644068	695	-0.017364086132004
644068	1418	-0.0364095731375685
644068	3069	-0.170900789091051
644068	7043	-0.0798288278426742
644068	23172	0.0247612132778379
644068	84148	-0.000778826584616784
644068	11013	-0.0566100346361611
644068	55707	0.0630509802494247
644068	5601	-0.0599593365669416
28862	1234	0.140853598406518
28862	50632	0.10342688051724
28862	6702	0.103820379354666
28862	51151	0.143272022342398
28862	1780	0.123916286441156
28862	51616	0.240447194737809
28862	1796	0.244492149006618
28862	5148	0.199294673057952
28862	2218	0.109612254246457
28862	7204	0.149252952416773
28862	23225	0.0845410293511822
28862	22982	0.129957199251538
28862	83700	0.122895786335301
28862	2968	-0.0220460488742234
28862	5253	0.206028669451872
28862	8420	0.152240433151691
28862	695	0.215666163787744
28862	1418	0.111350904680062
28862	3069	-0.0802652106577954
28862	7043	0.234442757447354
28862	23172	0.0837725708072301
28862	84148	0.188624138043038
28862	11013	0.176416228382195
28862	55707	0.107740000202721
28862	5601	0.006418864804281
1234	50632	0.369644548845112
1234	6702	0.383861489423995
1234	51151	0.51480426770546
1234	1780	0.439415555566048
1234	51616	0.602926405581431
1234	1796	0.254523518111182
1234	5148	0.5655315460383
1234	2218	0.378493723505373
1234	7204	0.291877675946117
1234	23225	0.162958343911738
1234	22982	0.521867879089446
1234	83700	0.449926129091661
1234	2968	0.256291651493433
1234	5253	0.525829197528943
1234	8420	0.574115791945162
1234	695	0.220787396699312
1234	1418	0.50864012276612
1234	3069	0.0516340875579655
1234	7043	0.540587222718578
1234	23172	0.390433613311117
1234	84148	0.595588803030998
1234	11013	0.449348113687884
1234	55707	0.352168923438212
1234	5601	0.0197157638596389
50632	6702	0.47603769206056
50632	51151	0.570019992678044
50632	1780	0.820336407907999
50632	51616	0.591796362670831
50632	1796	0.110724175301002
50632	5148	0.623474513367831
50632	2218	0.685318397838129
50632	7204	0.496812656142496
50632	23225	-0.264893094886889
50632	22982	0.730386870833617
50632	83700	0.697629390434669
50632	2968	0.315504837852056
50632	5253	0.397261804366128
50632	8420	0.590592173428314
50632	695	0.0255430990911532
50632	1418	0.557348512556319
50632	3069	0.197478789132233
50632	7043	0.662053576599756
50632	23172	0.218779379506606
50632	84148	0.605259056032609
50632	11013	0.539975913823145
50632	55707	-0.0476442614446998
50632	5601	0.447795170649186
6702	51151	0.545076373048193
6702	1780	0.530706778530888
6702	51616	0.501587894562431
6702	1796	0.147926519211047
6702	5148	0.608059378941771
6702	2218	0.367226564102088
6702	7204	0.319868407671702
6702	23225	-0.0289592901291175
6702	22982	0.575543853253435
6702	83700	0.511872733001969
6702	2968	0.363709949783537
6702	5253	0.524476689239855
6702	8420	0.618877907190408
6702	695	0.296693608824651
6702	1418	0.530664424197876
6702	3069	0.136987177201063
6702	7043	0.581614470565237
6702	23172	0.387773706399639
6702	84148	0.626052200850325
6702	11013	0.513450974614399
6702	55707	0.194809039202187
6702	5601	0.0773135747402794
51151	1780	0.643055174603012
51151	51616	0.680002922794085
51151	1796	0.185992179471537
51151	5148	0.770426369586432
51151	2218	0.49314188149478
51151	7204	0.442980235370588
51151	23225	-0.140408553444413
51151	22982	0.701106118238439
51151	83700	0.600340703381063
51151	2968	0.3634547819541
51151	5253	0.656424327160308
51151	8420	0.75970727204968
51151	695	0.191726499220485
51151	1418	0.602108997885722
51151	3069	0.221028556562025
51151	7043	0.725997762259102
51151	23172	0.362992120441934
51151	84148	0.67958194161838
51151	11013	0.594396947926203
51151	55707	0.150418683106946
51151	5601	0.138550941506287
1780	51616	0.663920443361399
1780	1796	0.0587263181675692
1780	5148	0.700810560755591
1780	2218	0.706183460719535
1780	7204	0.523119924345821
1780	23225	-0.216681766304301
1780	22982	0.858200470329781
1780	83700	0.781774910768912
1780	2968	0.444782681544873
1780	5253	0.524363268345713
1780	8420	0.725757168917396
1780	695	0.119015015980003
1780	1418	0.572468247046633
1780	3069	0.160001961902306
1780	7043	0.819743998019599
1780	23172	0.382363127011572
1780	84148	0.701865715639341
1780	11013	0.63457938147955
1780	55707	0.00578458132968133
1780	5601	0.40556793460807
51616	1796	0.173220727913562
51616	5148	0.750177020940242
51616	2218	0.559726466600196
51616	7204	0.397812154719985
51616	23225	-0.0853227564174521
51616	22982	0.734131512628963
51616	83700	0.66504228159712
51616	2968	0.364898233255557
51616	5253	0.605941576052007
51616	8420	0.798901440978096
51616	695	0.141065072001566
51616	1418	0.656872032386431
51616	3069	0.210906152174781
51616	7043	0.750903239451644
51616	23172	0.422286254533455
51616	84148	0.70846098722911
51616	11013	0.663744832241802
51616	55707	0.170760834773252
51616	5601	0.141063856432696
1796	5148	0.248672071014259
1796	2218	0.102715194780532
1796	7204	0.299101500012652
1796	23225	0.0907324750871321
1796	22982	0.200453027301374
1796	83700	0.159426325730249
1796	2968	0.198706678561144
1796	5253	0.193224014765736
1796	8420	0.175017978001407
1796	695	-0.00496128129748925
1796	1418	0.266005600979662
1796	3069	0.237324523233096
1796	7043	0.173449042973277
1796	23172	0.139367190652866
1796	84148	0.187251314068827
1796	11013	0.280659345891077
1796	55707	0.274706698285025
1796	5601	0.0105141075023077
5148	2218	0.572615888898567
5148	7204	0.444155828460266
5148	23225	-0.139052376971743
5148	22982	0.828444599067823
5148	83700	0.710563561451139
5148	2968	0.436756675258665
5148	5253	0.725329644226151
5148	8420	0.865925269927251
5148	695	0.205907256284429
5148	1418	0.720046472942499
5148	3069	0.244326628782915
5148	7043	0.813841781697433
5148	23172	0.363705894712444
5148	84148	0.772239754296008
5148	11013	0.718410628441678
5148	55707	0.192001100093849
5148	5601	0.125096768708909
2218	7204	0.45301876357509
2218	23225	-0.12203408657621
2218	22982	0.657445601268057
2218	83700	0.623069592994133
2218	2968	0.370582049222305
2218	5253	0.355181152167442
2218	8420	0.623780799279371
2218	695	0.0187232565108378
2218	1418	0.446551008642215
2218	3069	0.199616365673802
2218	7043	0.641727785267235
2218	23172	0.253830089102097
2218	84148	0.579516615433253
2218	11013	0.547369060529902
2218	55707	0.124451462205921
2218	5601	0.302007024053492
7204	23225	-0.182698035921954
7204	22982	0.572244768024966
7204	83700	0.535522171166693
7204	2968	0.346075619432279
7204	5253	0.367609072800094
7204	8420	0.441657656443603
7204	695	0.109714095070046
7204	1418	0.3643110013113
7204	3069	0.253783077046928
7204	7043	0.489580524433655
7204	23172	0.30802595043012
7204	84148	0.447590387921873
7204	11013	0.502422497402577
7204	55707	0.223561865892311
7204	5601	0.303041568528389
23225	22982	-0.311644926486627
23225	83700	-0.28592094339769
23225	2968	0.00726980032163084
23225	5253	-0.0209168448235151
23225	8420	-0.0856945843387132
23225	695	0.398007298875984
23225	1418	-0.119917519289303
23225	3069	-0.314684224842442
23225	7043	-0.182173882796999
23225	23172	0.226433637970282
23225	84148	-0.0803496930104585
23225	11013	-0.0986460893939161
23225	55707	0.303360046674268
23225	5601	-0.0914398136553106
22982	83700	0.873937359730714
22982	2968	0.467668085274937
22982	5253	0.630215031292339
22982	8420	0.799098854715915
22982	695	0.0204196208841955
22982	1418	0.67715545455501
22982	3069	0.307297571572726
22982	7043	0.896338517692042
22982	23172	0.395855829767631
22982	84148	0.766761013578704
22982	11013	0.730108663159385
22982	55707	0.160535581431206
22982	5601	0.271950836633004
83700	2968	0.388684578743502
83700	5253	0.533675751782233
83700	8420	0.678582091997216
83700	695	-0.0349017576663558
83700	1418	0.573009526085887
83700	3069	0.40249891264994
83700	7043	0.817820307043121
83700	23172	0.383558317727929
83700	84148	0.711176500561171
83700	11013	0.690692538061356
83700	55707	0.223378908089011
83700	5601	0.284518894356258
2968	5253	0.322823690037724
2968	8420	0.479406955990402
2968	695	0.0357989271851501
2968	1418	0.35575932042424
2968	3069	0.21230656836716
2968	7043	0.411411736839654
2968	23172	0.34467567176495
2968	84148	0.404581978764019
2968	11013	0.423514334911152
2968	55707	0.193643100164097
2968	5601	0.0845750851930749
5253	8420	0.713598082193753
5253	695	0.183117216939512
5253	1418	0.585527180650537
5253	3069	0.1458126826579
5253	7043	0.721435540930769
5253	23172	0.408760026688549
5253	84148	0.592483782614468
5253	11013	0.617235357193192
5253	55707	0.205920855591592
5253	5601	-0.0616195492916108
8420	695	0.21732985879241
8420	1418	0.743526301497856
8420	3069	0.19806530908106
8420	7043	0.815932201425739
8420	23172	0.521587234173791
8420	84148	0.738758667544228
8420	11013	0.722640005083212
8420	55707	0.238003910517393
8420	5601	0.0524511411222844
695	1418	0.0962076915392462
695	3069	-0.238856538602515
695	7043	0.110268474599185
695	23172	0.274423125335036
695	84148	0.224559866207202
695	11013	0.0411019443633729
695	55707	0.10911494545824
695	5601	-0.00561733443189037
1418	3069	0.273329843767612
1418	7043	0.662000897087216
1418	23172	0.362884786288576
1418	84148	0.634582373646309
1418	11013	0.617526579450854
1418	55707	0.232967409251144
1418	5601	0.0478378350686852
3069	7043	0.254473177429718
3069	23172	-0.0670913513984177
3069	84148	0.203918517417146
3069	11013	0.153947276436602
3069	55707	0.145465622334077
3069	5601	0.0625117689672289
7043	23172	0.418958731555737
7043	84148	0.783748487582726
7043	11013	0.766287659995493
7043	55707	0.19997865011545
7043	5601	0.203740854163683
23172	84148	0.388625030043317
23172	11013	0.416865059183308
23172	55707	0.372019518715065
23172	5601	0.0973334330803083
84148	11013	0.650034603863391
84148	55707	0.297209298522886
84148	5601	0.191759904688054
11013	55707	0.223469574959314
11013	5601	0.110053771829304
55707	5601	-0.0249315549452536
